scene_id,im_id,obj_id,score,R,t,time
000000,000000,18,0.6500658,-0.9630704255833566 -0.031406648711249104 -0.26741106885286325 0.2584720671689271 0.17033521698273613 -0.9508826607513511 0.07541362297726 -0.984885457589919 -0.15592731918483335,-99.23857580922494 204.36819166635732 1820.1412033276977,30.753662824630737
000000,000000,18,0.72329146,-0.3436643194354861 -0.10592426328420261 -0.9330996653404063 0.9266688904883505 0.12283917104828813 -0.35524045513558006 0.15224980932892945 -0.9867576334319768 0.05594123197824888,-164.78185566123815 37.264563968318214 1802.4362944042707,30.753662824630737
000000,000000,18,0.5277042,0.5008975990245631 0.5767251463314167 -0.6453599634765609 0.7957514253201948 -0.013599355353087029 0.6054710568543081 0.3404137499172406 -0.8168251136887561 -0.4657415304689522,-267.25295033666316 -240.32211959603822 1781.7683069998905,30.753662824630737
000000,000000,18,0.7144633,0.02135578209198725 -0.03212200947685365 0.999255687395935 -0.9917850546585361 0.1254046010115619 0.02522736820458949 -0.1261216605129813 -0.9915854523868185 -0.029180026114511995,-7.128390680713807 126.30426853741494 1802.09059066335,30.753662824630737
000000,000000,18,0.61318296,0.6017686825229855 -0.4065366575750666 -0.6874609569668709 0.7161535295508902 -0.106372112671732 0.6897892392118393 -0.35355152225871744 -0.9074210995820345 0.22713110986019058,-218.00600381905076 -43.1445511600759 1823.9933392843707,30.753662824630737
000000,000000,18,0.7862134,-0.5400368054573995 0.6252558332409853 -0.5633962306912977 0.5187067314892841 -0.2799026395964184 -0.8078354026905974 -0.662799874819552 -0.7284983181724763 -0.17316666022992563,-320.85579799703777 15.24665510394462 1750.6682529115942,30.753662824630737
000000,000001,18,0.5440301,0.9819930215473722 0.12933590065245565 0.137702183503549 0.13456031400512086 0.03276775446634171 -0.9903634412146 -0.13260161185864697 0.9910593056558726 0.014774240841352758,-72.27583075750715 -24.39278985194466 1788.2558971306937,27.691020488739014
000000,000001,18,0.67210597,0.7780260636276602 0.08783031568423084 0.6220624582544378 0.6004321593712074 0.18733610595427286 -0.7774230341533241 -0.1848159781095221 0.9783615334347401 0.09301619606851962,-382.6770948664153 -265.04356810347554 1880.0680493181217,27.691020488739014
000000,000001,18,0.7967173,0.06555276319578243 0.40630400748630574 -0.9113832504335927 0.9845487252158752 0.12229073556711609 0.12533377727676737 0.16237756851710153 -0.9055174220618925 -0.39200986494427636,-242.00210763821772 -45.79628902653633 1836.0328485548769,27.691020488739014
000000,000001,18,0.66756636,-0.8582299497651404 -0.14163222719099197 -0.49333728361823037 0.4115340326531447 -0.7642791361328759 -0.4965044731938016 -0.3067265281192935 -0.6291402558111668 0.7142138244010241,-117.25835309293217 110.28648419766819 1745.7970617046715,27.691020488739014
000000,000001,18,0.74360436,-0.8227067320307253 -0.14706160632693543 -0.5491143830284329 0.5630438370009414 -0.07770621350586793 -0.8227655360533183 0.07832757735039432 -0.9860703497036745 0.14673158557664648,-290.22195955282655 -93.91469321780173 1838.4378333793625,27.691020488739014
000000,000001,18,0.6389144,-0.5435642457711363 0.5933428107441037 -0.5937018919539162 0.6059689962418845 -0.21204026733081555 -0.7667072712486322 -0.5808088168932196 -0.7765199895637757 -0.24428969073308596,-388.9045232900547 -10.191356222233551 1793.9894871009963,27.691020488739014
000000,000001,18,0.48555127,0.005115811619522301 0.3489764641894924 -0.9371176631081953 0.014674594051712397 -0.9370550749232082 -0.3488730115968362 -0.9998792659760531 -0.01196703860070879 -0.0099147889612655,-1097.1838441769507 625.0100016016488 1952.3009872966577,27.691020488739014
000000,000002,18,0.6074927,-0.6882040576823609 -0.3852087169400753 -0.6148084794300371 0.6918835742525081 -0.09343586304875949 -0.7159377575404576 0.21834032257640495 -0.918086996032117 0.33082258311068646,-233.91370759372649 -162.00474567883458 1841.6313366820423,23.23700523376465
000000,000002,18,0.68592703,-0.545055122208826 -0.25494950180740805 -0.7986959987394526 0.828759875251495 -0.019789855260964346 -0.5592544774800126 0.1267755575338465 -0.9667518748470104 0.22207842912961395,-128.84676829794736 -39.143398659650074 1810.3507674046323,23.23700523376465
000000,000002,18,0.8584077,-0.657755798229539 -0.2253357856271106 0.7187356531360265 -0.7304035720576135 -0.04232417946799525 -0.6817031916982138 0.1840320423326924 -0.9733614758927042 -0.13674701238901554,128.40366328225457 -50.30271896514325 1735.9833420757031,23.23700523376465
000000,000002,18,0.6019265,-0.6957840763271845 -0.40087083726711925 -0.5959758890034749 0.6798188310684001 -0.6353394883122605 -0.3663203485269219 -0.23179998000424318 -0.6600351771171364 0.7145786304848499,111.68536680224952 74.94951994312942 1717.353061356467,23.23700523376465
000000,000002,18,0.58422464,0.5300202255507276 -0.013820330295795134 0.8478723636147534 -0.8479693504895703 -0.0025373816849386375 0.5300395054811673 -0.005173918256040247 -0.9999012506732788 -0.013064091030394964,-36.63327926608875 21.968688822685237 1785.196352423581,23.23700523376465
000000,000002,8,0.552863,-0.18478301002683098 0.080350680584176 0.9794892117751892 -0.3416910875513688 -0.9397277096263587 0.012628096828978424 0.921467683260034 -0.33234940176197225 0.20110086770522917,-63.27369710327798 51.66179908022332 1430.4419327299129,23.23700523376465
000000,000003,18,0.6761721,-0.6703200769044579 -0.04029542458165385 -0.7409772898477284 0.7331832022447711 0.11812418076871284 -0.669692968245125 0.11451287612253945 -0.9921809648317207 -0.04963703287483182,-11.740056413452493 161.30202619753925 1857.8291741678684,29.263737678527832
000000,000003,18,0.6531835,-0.4080205833403109 -0.15456023385433965 0.8997949065151094 -0.9035387101566527 0.20968167977786334 -0.37370038566118036 -0.13091134308810082 -0.9654764898586577 -0.22520554315698688,20.712452808160293 53.95896040407092 1822.8619119978873,29.263737678527832
000000,000003,18,0.50524265,0.7426918548094702 0.6012007300019906 0.2949008928745391 0.6491298344740468 -0.5382341583443458 -0.5375258920540863 -0.16443542181327053 0.5906452837743961 -0.7899995561766938,-358.41949450655966 -132.53919017083103 1824.5405082217126,29.263737678527832
000000,000003,18,0.6398773,0.2820855936391921 0.5463856228381306 -0.7886003496135434 0.837390544037796 0.26091359727752994 0.48031330541872946 0.46819281447512207 -0.7958560190724534 -0.38393823751024553,-177.0394448392691 45.292479096352565 1868.0186685306057,29.263737678527832
000000,000003,18,0.52873164,0.9601606922483924 -0.034587554193904885 -0.27729947464564497 0.2746168534671858 0.30051141685064947 0.9133885630124622 0.05173981322828698 -0.9531508776102405 0.2980375199044856,-266.73624414413035 15.28095775829016 1864.1975730127244,29.263737678527832
000000,000003,18,0.6504735,-0.6154148175755408 0.25657708869071466 0.7452737405125727 -0.6909626518661273 -0.6305746498738469 -0.353477548816492 0.3792567114467366 -0.7324914541029506 0.5653502189254945,-280.3229000405376 151.80322865608434 1828.5520865129104,29.263737678527832
000000,000003,18,0.6203498,0.1559141244236287 -0.4485895482333567 -0.880033113743389 0.9803194153656256 -0.038951963492095655 0.19353717680083493 -0.12109762782219423 -0.8928887175016446 0.4336876363776399,-389.42622758599214 89.11436566663829 2764.456771835912,29.263737678527832
000000,000003,8,0.63128364,-0.6197859237423357 0.6495016519000918 0.44046926657138824 -0.6322666775374712 -0.7457493674982503 0.20999314056719756 0.4648703669869702 -0.1483431510945638 0.8728629433122922,-320.8941376439948 -39.355022803251586 1973.8352270376813,29.263737678527832
000000,000004,18,0.84218407,-0.4595686446287239 -0.07543512521850249 -0.8849329535875684 0.8881333635249201 -0.034591653931735675 -0.4582820264164424 0.003959308023795842 -0.9965503879727072 0.08289366201677602,132.75970859350264 108.3400877622289 1822.3596427413952,29.75446057319641
000000,000004,18,0.5473293,0.9388191177556209 -0.22259917140435168 0.26280927901752843 -0.21742384589353486 0.2087422369289511 0.953495705408803 -0.2671067093321446 -0.9523005939141849 0.14757267165328156,-161.8699364570133 68.83298819048696 1857.990986389128,29.75446057319641
000000,000004,18,0.53583956,0.5550802155654079 0.7634059637697508 -0.3302984873470513 0.44974339513726486 -0.6094905769721574 -0.6528797475790726 -0.6997261662509932 0.21385090841370033 -0.6816532177360834,-255.5735428862872 -36.74781890128497 1556.5489650310299,29.75446057319641
000000,000004,18,0.61726207,0.6347156343054878 0.46920489438893365 -0.6139889063911762 0.6826721095685729 0.031816753388017496 0.7300315321322899 0.3620696925422065 -0.8825158910804052 -0.30011881549301084,-64.23535390838325 55.170428257213075 1847.4542565465138,29.75446057319641
000000,000004,18,0.56777817,-0.03447396280239783 -0.1892473748913346 -0.9813239950714799 0.9699948300411215 0.2301188739034849 -0.07845415723973431 0.24066842732046462 -0.9545842773410665 0.1756358418221023,101.31339239648447 -44.29376201250864 1779.8632099130675,29.75446057319641
000000,000005,18,0.75378245,0.13354090923162232 0.474234626631604 -0.8702117714641762 0.979304980954036 0.07160112022488818 0.1893022815679513 0.15208165712887167 -0.8774820489823446 -0.45485851167852426,-177.43072851085816 -29.3952017681616 1830.9346276948515,26.499932289123535
000000,000005,18,0.63331735,0.6852528243280052 0.5615497950054209 0.4637789763462109 -0.35647922388003594 -0.29668657011309957 0.8859457462699231 0.6350996364137019 -0.7724240715470719 -0.0031242920458145564,-341.4579714334204 -6.824193646584263 1807.8487024334052,26.499932289123535
000000,000005,18,0.5261559,0.8567375990965814 0.1700703951388455 0.48690476613650985 0.4813981622452756 0.07509642037610825 -0.8732788681966691 -0.18508366201757853 0.9825664223939644 -0.01753366226007914,-55.270332142006396 -56.09131243855319 1804.5301049978864,26.499932289123535
000000,000005,18,0.6971554,0.0422273919204554 -0.23309028298354637 -0.9715378472422996 0.7221338333348134 -0.6648895216134721 0.19090667431231345 -0.6904635157996036 -0.7096415599115506 0.14024584097622392,124.59063083811702 -40.64234563096072 1805.5780991485037,26.499932289123535
000000,000005,18,0.5602765,-0.9376448250014228 -0.16774016875594738 0.30444279658467416 -0.2917039048620783 -0.09657450142268938 -0.951620951874395 0.18902641272327889 -0.9810895343284008 0.04162205186451756,41.31146313127806 -189.20307853202814 1798.104789536074,26.499932289123535
000000,000005,18,0.70455146,0.08677194983251227 -0.523174575610537 -0.8477965320267088 0.2598725835624586 -0.8096554993098934 0.5262358735556151 -0.9617363077084154 -0.2659817127424396 0.06570310952668827,-105.694014169669 104.25011287410469 1756.2932787928016,26.499932289123535
000000,000006,18,0.5232144,0.3651115682272038 0.429034967886612 -0.8262095190932383 0.8887431360157513 0.10360128536991153 0.4465441100518919 0.2771794644034793 -0.8973269510603745 -0.3434760923250517,-158.80255240743216 -121.25248726970398 1990.036864630882,29.100860595703125
000000,000006,18,0.5388356,-0.9779082889831879 -0.19169826784975258 0.083349433178383 -0.0933697243608752 0.04383010408630443 -0.9946660966406148 0.18702260282371605 -0.9804747401181113 -0.06076060705206831,-232.57098195507996 -194.5195301926138 1981.504729116173,29.100860595703125
000000,000006,18,0.66736925,-0.8116305101313057 -0.5699175980817045 0.12825635150434897 -0.4455754164380553 0.4619809698861666 -0.7668351477537816 0.3777807233244015 -0.679534711811252 -0.6288992045162123,-510.49957504383883 63.98230081467877 2055.6951608370814,29.100860595703125
000000,000006,18,0.5671947,0.11740681640873113 -0.71738960985552 -0.6867078747584526 0.32008785206328433 -0.6272500893562653 0.7100004352368342 -0.9400846877118156 -0.3031659395441974 0.15598450856348672,-309.3144750329751 136.0052042947381 1973.7541564867001,29.100860595703125
000000,000007,18,0.53780836,0.9319707581731981 0.2030449816918802 0.30033815750376663 0.30822651705527737 -0.0076423088441230375 -0.9512823430180575 -0.19085778698645853 0.9791395753147357 -0.06970625513861665,-61.97707241447827 94.59217258109072 1980.5908937816139,27.353501319885254
000000,000007,18,0.7095758,0.14217948216265064 -0.08263832042700171 0.9863850178176762 -0.7614130806516188 -0.6458747055823597 0.055640888104544255 0.6324831636252499 -0.758957683233802 -0.15475205577138273,-145.97374734218505 268.7463290737565 1965.9493591297621,27.353501319885254
000000,000007,18,0.64322615,-0.9344571583835862 -0.07991015045599578 0.3469932987821342 -0.35170827356027273 0.05497484973850949 -0.9344941049092867 0.055599608481750995 -0.995285054708442 -0.07947680844618829,-12.530800871954796 -14.985456624815242 1968.9754547934745,27.353501319885254
000000,000007,18,0.53179467,0.9626879627232721 0.1616538706077233 0.217023960353845 0.23280618156270436 -0.08588507793334825 -0.9687232920644212 -0.13795877968157952 0.9831031398401316 -0.12031445306454627,-27.20140865552594 -173.30816450049062 1959.12105306299,27.353501319885254
000000,000007,18,0.5714387,0.9904575640721787 -0.12147719024487974 0.06509583201567441 -0.057246961831840984 0.06702260228565118 0.9961079736175837 -0.12536727554167704 -0.9903288242910406 0.05942885347467658,-172.72229575323445 -143.96683696611078 1982.186854526338,27.353501319885254
000000,000007,18,0.5502808,0.4623887365653779 0.8814566453057151 -0.09607708489586152 0.03249950786300597 -0.12513168474304998 -0.9916078692063764 -0.8860812881507499 0.45538579504962384 -0.08650644196490871,53.26653461089211 107.32926008841937 1919.3254655523874,27.353501319885254
000000,000008,18,0.53965175,0.9219810409494429 0.3312170482941535 0.20061428595547975 0.2567845762064447 -0.13516387597428703 -0.9569705891250817 -0.28984920380187795 0.9338233087479343 -0.20967003438558113,-154.18771467531724 95.92950248748357 1860.898812208592,31.588558435440063
000000,000008,18,0.7797131,0.046869730674337036 -0.3921312767182684 0.918714646275279 -0.9756575811676135 0.1792817879174226 0.1262969821053602 -0.21423391739162262 -0.9022699588203787 -0.3741828837861061,-233.05209888169196 272.42960865019074 1922.1656245988388,31.588558435440063
000000,000008,18,0.82469016,-0.43964931801578466 -0.3031937191099304 -0.8454476243927558 0.8479424124553259 0.1702544588887396 -0.5020031835914412 0.29614532424242485 -0.9375963883625006 0.18223854939221779,-240.89144529686047 -158.95499419985498 1847.472796983384,31.588558435440063
000000,000008,18,0.74807394,0.7512283101775129 -0.3361924880978731 0.5680059467660903 -0.5466183102536876 0.16545766107941778 0.8208729193131926 -0.36995225152958955 -0.9271452517682076 -0.05947252556736273,-151.76915871957064 0.39460364575603535 1843.818842476823,31.588558435440063
000000,000009,18,0.6143369,0.6102177768507379 -0.6262894365153335 -0.4851759951017022 0.37496672161095296 -0.3111552454257322 0.8732597876758242 -0.6978784148789781 -0.714803468905486 0.0449651166056528,-249.23358959779694 63.28128037865517 1938.9385394809465,30.374365091323853
000000,000009,18,0.7002032,0.731028341687311 -0.48018052368316005 -0.48479291315867407 0.47375276520596477 -0.15414797761726254 0.8670621580497163 -0.49107625685617834 -0.8635189225692501 0.11480012954948379,-188.44116586156326 -215.0211224076415 1913.7219405053665,30.374365091323853
000000,000009,18,0.55398625,0.7639857019732219 0.24938388765941613 -0.5950911699527855 0.645206615437667 -0.30367962106199636 0.7010616472846433 -0.00588354645614477 -0.919557746522652 -0.3929108765834767,-431.23178609146873 198.32527444910224 1934.5883924098418,30.374365091323853
000000,000009,18,0.7666674,-0.8588912782886431 -0.09367667728068373 0.503518329680923 -0.5063383923991532 0.007522972028710469 -0.8623019219706918 0.07698961215262896 -0.9955742089966196 -0.053893588023730565,-220.8186627015732 -62.37565215216128 1905.965700157787,30.374365091323853
000000,000009,18,0.67699486,-0.7802883756099664 -0.1252223265305799 -0.6127557142649322 0.6190999583060393 -0.015720234813808 -0.7851546566666111 0.08868624949080794 -0.9920041879326905 0.08979147035493486,-331.0014310798596 -219.99505781785012 1921.703705816445,30.374365091323853
000000,000009,18,0.6247143,0.3811096088568617 0.9204043634036566 0.08724322711454435 0.012596647284147808 0.08918673538282995 -0.9959353034244488 -0.9244442956358869 0.38065934248582006 0.022395943717145848,-185.00378226674422 74.5531798785293 1838.1066436959195,30.374365091323853
000000,000010,18,0.47449484,0.8353368328044369 0.35333319416321474 -0.42115046379367005 0.5437384839721809 -0.41816110332064604 0.7276605278542787 0.08099800111755043 -0.8368374430324488 -0.5414263506350412,-375.4653923379832 1.715415627067614 1838.50087199005,29.613452672958374
000000,000010,18,0.8861233,0.1846510379182897 0.03864744088217407 0.9820437137020496 -0.7384565049925746 -0.6539062229934822 0.16458380719107435 0.6485251557026256 -0.755587671320291 -0.09220488657225337,-476.66776830130084 145.6441160593834 1815.5205764057778,29.613452672958374
000000,000010,18,0.48184872,0.8557597976370293 0.22422601500731493 0.4662593097795678 0.4866616109459385 -0.04298985034336926 -0.8725320885433842 -0.17560015950752828 0.9735882840086006 -0.14591114158303323,-242.57237640258222 -253.6565434390405 1795.1114585274652,29.613452672958374
000000,000010,18,0.7859068,-0.8257702708899839 -0.19958222528513112 0.5275134053300538 -0.5455705756286425 0.04547960336525228 -0.8368300055149324 0.14302532150891636 -0.978825094933563 -0.14644189396204493,-273.72235907934464 -101.67042816777087 1808.721194212349,29.613452672958374
000000,000010,18,0.7785861,-0.7640778807754913 -0.22084767359732543 -0.6061447027671607 0.6169574539133473 0.02445187247276734 -0.7866168608007046 0.1885438665066825 -0.9750018506324208 0.11757041596487486,-364.2609796510746 -264.0155095330216 1823.2586420349414,29.613452672958374
000000,000011,18,0.8346459,0.9934031685693718 0.11238038225309609 0.02281808243118685 0.025518107430575438 -0.02264635705371501 -0.9994179051624664 -0.11179815377882849 0.9934071848773691 -0.025364682562503654,-36.66052751375253 80.34392151780617 1874.4682601153495,26.136235237121582
000000,000011,18,0.62549454,-0.1845389604697489 0.6449304044136204 -0.7416269596837356 0.9563108183455172 -0.05626431305227822 -0.2868869618268768 -0.22674934984418443 -0.7621674537565535 -0.6063710195028184,-187.59421425357527 -148.793827161653 1847.49643030896,26.136235237121582
000000,000011,18,0.6250968,0.9802618431941377 0.19623022835395018 0.024100284831642036 0.03750258993667824 -0.0648719239988743 -0.9971888810575691 -0.1941151219363085 0.978409560202011 -0.07095075478638313,-59.04141703365238 -192.14123786087345 1872.4064485669883,26.136235237121582
000000,000011,18,0.8307786,0.6246235472877605 -0.07239861678376194 0.7775628655773956 -0.7790306892916646 0.011560797109988608 0.6268790151720739 -0.05437442165691653 -0.9973088099320065 -0.049179613185498704,-57.85448656108437 -19.69151185910988 1874.118439139163,26.136235237121582
000000,000011,18,0.7428204,0.031531099302743955 -0.12773900293483204 0.9913066081286662 -0.7206759605909362 -0.6901229069037217 -0.06600583470376065 0.6925548962649062 -0.7123294285751217 -0.11381865231916226,-87.36801036948452 260.5129960399255 1847.0500067714365,26.136235237121582
000000,000011,18,0.62855446,-0.3401836984958514 -0.8951841204635954 0.2879594899213354 -0.776237232571439 0.09447401503236377 -0.6233225069607574 0.5307834256535319 -0.4355689406934495 -0.7270136015497541,90.26219346992909 75.7048289109606 1800.9794249785539,26.136235237121582
000000,000012,18,0.803577,0.9928654955261925 0.1002860313577676 -0.06450195367167029 -0.058074156558029506 -0.06574579744639475 -0.9961449837002623 -0.10414015381913516 0.9927840063187909 -0.05945288205060625,-37.96084027400798 83.90875327233665 1849.8354241924262,30.754333972930908
000000,000012,18,0.55543166,-0.13424273944419493 -0.1906640562149573 -0.9724330779362469 0.9875169465940515 -0.10733346994015158 -0.11528035891348935 -0.0823948698415617 -0.9757698003565515 0.20269270108758447,-243.78296125214342 -129.87637651804937 1920.0287586645934,30.754333972930908
000000,000012,18,0.79761523,0.9920274191460112 0.07211714700239467 -0.10334881923819948 -0.08872443790561443 -0.18272044154106676 -0.9791534456796332 -0.08949773977183892 0.9805161720232689 -0.17486518694707354,-90.20332160032729 -182.2998983489105 1824.0047648322336,30.754333972930908
000000,000012,18,0.7500113,-0.9937798599598184 -0.09423857132265419 0.05933591962028661 -0.06660179121482236 0.07592496223549708 -0.9948870585633601 0.08925156805045782 -0.9926503267716908 -0.08172901148345564,-45.71720931689583 -28.520447317816448 1836.756568272252,30.754333972930908
000000,000012,18,0.5132228,-0.025603108422708583 -0.2847746361791053 0.9582527009913171 -0.7365158888852318 -0.642768373830463 -0.21069735100019368 0.6759359158595648 -0.7111626243285253 -0.19328409098423707,-65.99572441384157 273.7763858304383 1823.6633595021733,30.754333972930908
000000,000012,8,0.5678246,0.21415616751230285 0.37071636701322314 0.9037182652563894 0.9725642626818873 0.005135469921748938 -0.23257741307134447 -0.09086150857209023 0.9287318335332154 -0.3594457780144593,-88.11861184638622 58.89011061124512 1101.8901254899208,30.754333972930908
000000,000013,18,0.4877615,0.9529038102520648 0.20504333921141338 0.22345235979998995 0.23476063841428402 -0.03226874420632074 -0.9715171359455473 -0.19199254421866097 0.9782208293860564 -0.07888523193725681,-261.8810870402504 72.84341612326438 2003.566275248449,24.558396816253662
000000,000013,18,0.6484992,0.8093733790111305 -0.19620385792201278 0.5535506285582408 -0.556384280991516 0.04558334540987825 0.8296736558417562 -0.18801784525595405 -0.9795029617496657 -0.07227080156390293,-263.3703065432178 -30.865011257395963 2001.9223495138872,24.558396816253662
000000,000013,18,0.57313377,-0.5105203059895929 -0.2178237301697234 -0.8318185863279729 0.8433392488797321 0.061911323270938984 -0.5338033736329403 0.16777407417694623 -0.9740225472216416 0.15209231246698504,-356.85568573142746 -174.39025795686177 2016.43150214961,24.558396816253662
000000,000013,18,0.74953896,0.07685501515763091 -0.2396685966172836 0.9678081079701342 -0.7732341988512873 -0.6271296902902526 -0.0938990473717294 0.6294457471448421 -0.7411257814245266 -0.2335181425805953,-336.40345228958574 252.4640233822135 1995.3084004774082,24.558396816253662
000000,000013,18,0.8068364,0.4853382436751242 0.8565806355645742 -0.17526072241367882 -0.04243100616256034 -0.17714062066636369 -0.9832705381578698 -0.8732964734528396 0.48465513392026693 -0.049627521469294375,-154.60703448607376 75.77405565243025 1935.002488113073,24.558396816253662
000000,000014,18,0.6533221,-0.3461608010894794 -0.15921317214238248 -0.9245671988641813 0.8613025080438662 0.3367559492164284 -0.3804646760535347 0.37192843605618486 -0.9280337213848092 0.020559120798632355,-310.5392988806607 -94.77217689630612 1818.4993637611783,35.29703712463379
000000,000014,18,0.7502739,0.9847563603885874 0.16965680682534873 0.038364643199915664 0.08552655379109468 -0.28022236598210265 -0.9561179482752795 -0.151461171280198 0.9448237801393006 -0.2904609509466383,-158.25155524917693 115.1950750784355 1858.4662755485633,35.29703712463379
000000,000014,18,0.5746093,0.7579948562745913 0.5124946988015642 -0.4034760754491258 0.45491471971417197 -0.8586780257076163 -0.23606100945071098 -0.4674360740678637 -0.004613975018448234 -0.8840149784210021,-128.50546315603015 -81.64435657851595 1038.162018130708,35.29703712463379
000000,000014,18,0.8046219,0.5201822309237999 -0.11818694174973889 0.8458378947012504 -0.8002299420710894 0.27858142170067285 0.5310592782747786 -0.2983990006079909 -0.9531129216157375 0.05033638731713384,-184.82901047846593 25.240349716020944 1831.242940455146,35.29703712463379
000000,000015,18,0.5430938,-0.4331342678277159 -0.015552198176654786 -0.9011953706577684 0.8893359335064823 0.15519474687314125 -0.4301126250766706 0.14654995131434437 -0.9877615814089258 -0.0533890462758535,-71.25627300611708 71.24861956069998 1859.504019520528,33.350707054138184
000000,000015,18,0.5376601,-0.257508197202592 0.0004684199724662313 -0.9662760406316085 0.9534828488093047 0.1623089343555012 -0.2540201480517714 0.15671635102352327 -0.9867398401409763 -0.04224253767642783,-264.41236607190854 -108.63704264384079 1823.5496319207768,33.350707054138184
000000,000015,18,0.7350846,0.33437211103823583 0.05439212119562153 0.9408700706424102 -0.9370007650710619 0.1263014596852143 0.3256956510370948 -0.10111797646350691 -0.9904995929868188 0.09319717980954577,-127.95053326660073 -4.65992556148467 1845.7518015017731,33.350707054138184
000000,000015,18,0.8088255,0.9960761480340602 -0.07676621688735089 -0.04403215217243706 -0.05948230848915826 -0.21234207555010182 -0.9753834769857881 0.06552656464757231 0.9741755015999457 -0.2160752336326964,-160.12952840363036 -176.60358149389168 1815.962151845475,33.350707054138184
000000,000015,18,0.5785519,-0.6021510602223158 -0.7616266828891415 0.23945582115577327 -0.7426121533256327 0.42417372633797934 -0.5182697246089399 0.2931576379329175 -0.4898994613500447 -0.8210099869993324,44.74009565700064 78.25835247382315 1793.6474885419152,33.350707054138184
000000,000016,18,0.8428274,0.9886936949312793 0.08479247238288422 -0.12367306284585021 -0.10981229614904094 -0.15219379150505774 -0.9822311649517437 -0.10210801917805978 0.9847066998992121 -0.1411616965629263,-212.83343959293484 78.07404566081293 1904.145672975912,29.7994966506958
000000,000016,18,0.7803024,0.8940348013372 -0.43669992260116175 0.09997328844760259 -0.04586904986332805 -0.31121216215521774 -0.9492329205991649 0.44564264964962874 0.8440617265778196 -0.29826542605265344,-285.0753479164141 -191.0255548613249 1836.0800618794856,29.7994966506958
000000,000016,18,0.5678047,-0.2970979369898759 -0.09219114289640075 -0.9503860711652503 0.9412671832923215 0.13898968464561978 -0.30772974300435635 0.16046378103817352 -0.9859933082351019 0.04548303293753677,-385.8431775186978 -126.96396780848113 1876.8176213105007,29.7994966506958
000000,000016,18,0.76297003,0.43785986958256407 0.019812472617818724 0.8988250877667633 -0.8920440120379977 0.1340816008395858 0.43160091331428846 -0.111964870253753 -0.9907722237956738 0.07638258313531747,-243.1494348501928 -21.469379312893636 1890.5873423201308,29.7994966506958
000000,000016,18,0.7304452,-0.6931774361130486 -0.6805846891782547 0.23729674808640394 -0.7191884488574104 0.6313211272858654 -0.29017520362534693 0.047678306752654796 -0.3718038752414338 -0.9270860666657433,-68.33421562551436 65.40428904465341 1835.2486838213954,29.7994966506958
000000,000016,18,0.61466587,-0.911577980222198 0.18720626936254192 0.36603169498691035 -0.12307878889572246 -0.9737449355849396 0.19150034624663248 0.3922715930563314 0.12951688022340094 0.9106855900857233,-11.934050868864517 42.694136928596436 371.3378569784502,29.7994966506958
000000,000016,18,0.574391,0.31519737608116005 0.945984716044163 0.07591910131753964 0.896928489721122 -0.2707988737671317 -0.3495536481483347 -0.31011359878968886 0.17827232233519552 -0.9338356264343107,-229.49862849332817 -88.89553905549133 1151.6149785005257,29.7994966506958
000000,000017,18,0.5012919,0.010985641287537191 -0.3061223012088739 0.9519287876472159 -0.6603602326257978 -0.7170805488919777 -0.22297883495576112 0.7508681813822982 -0.6261666817054241 -0.2100285072490786,-338.06582977356084 223.34396246806472 1969.9536921433578,18.2698016166687
000000,000017,18,0.49059665,0.9841803122893323 0.17498010503727704 -0.027775736913147435 -0.025963912949223945 -0.012635886326728485 -0.9995831031859146 -0.1752581429520614 0.9844909528830056 -0.007892579524629751,-318.8819595254738 40.28505892296374 2014.434146822775,18.2698016166687
000000,000017,18,0.55465364,-0.9893930788438557 -0.14521513745805925 0.003754460729229789 -0.0029920224105600803 -0.005468675117300636 -0.9999806807540332 0.1452328607747302 -0.9893850346665596 0.004976247601614596,-315.56201566311677 -76.80898626454223 2014.1026829036737,18.2698016166687
000000,000017,18,0.6444714,0.985282644652052 0.1446632803312381 -0.09105579733668899 -0.08236478379442544 -0.06498393284210408 -0.9944815618111517 -0.14978219565691164 0.9873447941910387 -0.05211233754608372,-370.9949566244819 -227.620065691746 2016.6583873936756,18.2698016166687
000000,000017,18,0.5162905,-0.35482430038700663 -0.19902847737430984 -0.9135027508954721 0.931112938790024 0.013008622920220063 -0.36449861828497887 0.08442908310469018 -0.979907429219209 0.18070223189096546,-474.9550304325598 -174.5388381958005 2041.6862163300218,18.2698016166687
000000,000017,18,0.5340792,-0.4795683681328912 -0.8510345143360962 0.213903348447829 -0.7320220413888422 0.2535693321677353 -0.6323341715630305 0.4838986404629501 -0.4598295236916502 -0.7445798352902603,-194.38121187132106 14.383669284486555 1912.2536011787429,18.2698016166687
000000,000017,8,0.5031779,-0.9359854599456885 -0.10994145431012846 -0.334431658035437 0.343732236070899 -0.49056575536579167 -0.8007454946820048 -0.07602568407460737 -0.8644407121964761 0.496952860671845,-113.82622988228931 6.768678498359691 737.9388900128888,18.2698016166687
000000,000018,18,0.631652,-0.8336903375091417 -0.00854245478002349 0.5521662687507483 -0.5502071062622532 0.09840390934753691 -0.8292098811979298 -0.04725188373753267 -0.995109879670885 -0.0867385318932189,-4.366812202249662 76.1993246256821 1876.3901351136305,19.258915901184082
000000,000018,18,0.4980582,0.2904752677071174 -0.0104838807552698 -0.9568249086591231 0.9498777072394122 0.12392906936870808 0.28700843233100065 0.11556943086725115 -0.9922358088070751 0.04595674879385576,-277.55790152975857 -30.603207798246615 1873.1113445689361,19.258915901184082
000000,000018,18,0.54906195,0.09936045020725875 -0.02925279574764784 0.9946214034139935 -0.9937822119198687 0.04755244102603531 0.10067512193984902 -0.050241748753709396 -0.9984402994792629 -0.024346073323171274,-110.05486110636733 1.33854947131681 1872.6437568752644,19.258915901184082
000000,000018,18,0.60141957,-0.5391813279755168 0.6518809415981938 0.5332302420659747 -0.772604486806413 -0.13085425903962294 -0.6212560304536092 -0.33520983544072447 -0.7469459973449276 0.5742004577437088,48.42004162064228 256.21201961283276 1864.9411089647988,19.258915901184082
000000,000018,18,0.64571583,-0.8727741009809163 -0.010388729351254308 0.4880139331067144 -0.48669632350710057 0.09494349746323524 -0.8683964890954675 -0.03731218036775116 -0.9954283762660832 -0.0879203935607938,-176.55042460403453 -136.24774392491042 1859.8920973638005,19.258915901184082
000000,000019,18,0.73705333,-0.7368208729893977 -0.3088123115800293 0.6014399854568722 -0.6626696742446864 0.15352020611455724 -0.733007483521554 0.13402870896575372 -0.9386514692824771 -0.3177573970399015,57.18222305916652 211.80600437460134 1751.1152950377664,17.75378918647766
000000,000019,18,0.56220233,0.5162300643512358 0.3443919263825052 -0.7841558890149655 0.7877728992642394 0.16830136461149325 0.5925271982175384 0.33603613957399747 -0.923617466683727 -0.18442052310446358,-310.5229360481474 -43.41633910341494 1866.7235331254415,17.75378918647766
000000,000019,18,0.81645644,0.6379544964849594 -0.37490512715769597 0.6726516227013686 -0.6783968831430846 0.1397343735467766 0.7212848827802824 -0.36440595110855484 -0.9164716470539602 -0.16519031148254068,-43.515838726986175 36.32924807088057 1773.88119938025,17.75378918647766
000000,000019,18,0.69331276,0.7263168208924095 -0.3254212550761042 0.6054456519072875 -0.608300968912086 0.10582179014783444 0.7866203928723562 -0.3200522646962457 -0.939628966149884 -0.1210938778650544,-238.65464568132995 -146.76459057889753 1818.640030642015,17.75378918647766
000000,000019,18,0.62235975,-0.06764039983386913 -0.28875273532519435 0.955011316390266 -0.9941303668618484 0.10051485707197602 -0.04001983474354059 -0.08443691508921501 -0.9521127272141433 -0.2938567141354061,-119.51798152735316 -16.516840511593387 1792.074083625933,17.75378918647766
000000,000020,18,0.74158657,0.7835877933391535 -0.22746597988823805 0.578143131234233 -0.5804446264334869 0.06377235381589348 0.8117983526228382 -0.2215259864921679 -0.9716956116113153 -0.08206035151762771,-51.86562100489496 77.71330551380817 1972.9808339977858,24.301342487335205
000000,000020,18,0.89375085,0.340361072881054 -0.35558538071699053 -0.8704674181305184 0.8965436222875873 -0.15637359606822065 0.41443550662904927 -0.28348536145831466 -0.9214696650357229 0.26557433568773975,-306.82018140999423 17.54872159828971 2033.3842931291883,24.301342487335205
000000,000020,18,0.8037885,-0.8134409317857757 -0.20385653334948417 0.5447530363179974 -0.5709481926303642 0.10104262403601352 -0.8147445544138734 0.11104760615003739 -0.973772560808443 -0.19858375573091686,54.040909433048824 247.29485733409246 1959.0998020885595,24.301342487335205
000000,000020,18,0.6642128,0.6583637948112473 -0.2457039462313952 0.7114679797854377 -0.7223347651298271 0.059526891699833516 0.6889770022425175 -0.21163576834602654 -0.9675154103756837 -0.1382902110819983,-264.858642751774 -104.63959113610639 2005.540468139234,24.301342487335205
000000,000020,18,0.6619409,-0.12232517594773498 -0.15516101520106879 0.9802865005393615 -0.9915694713789486 0.06163635910008478 -0.11397731274393412 -0.04273660281680122 -0.9859644890209652 -0.16139264360228464,-137.13228801874698 20.78929496308841 1991.2723384617127,24.301342487335205
000000,000021,18,0.7630325,0.5178399612228839 -0.8066568186590463 -0.2848625374977914 0.8159273539324102 0.36563633349888613 0.4478532646933338 -0.2571077371280641 -0.4643433239159322 0.8475146341144443,-281.29234581481455 59.61073566864857 1937.4837150970634,30.55136466026306
000000,000021,18,0.8093739,-0.30041160700372554 -0.8341229369852002 0.46259256633066526 -0.5967166598105522 -0.2140021034967063 -0.7733901399658827 0.7440980680446966 -0.5083720817624852 -0.4334462187687632,46.41173350773832 254.76835052763903 1806.0381909161752,30.55136466026306
000000,000021,18,0.6513158,-0.9082252065868517 -0.39508547465301336 0.1379659699688409 -0.2700955394776972 0.301591235325861 -0.9143801270170504 0.31964908960915395 -0.867727011587286 -0.38062331650828024,-257.15993832263825 -62.91847221701573 1852.4707896243008,30.55136466026306
000000,000021,18,0.7624539,0.569680949576202 -0.4739650645375951 0.6714317332047595 -0.5727150960084868 0.35700321269608554 0.737933399108591 -0.5894580031914337 -0.8049259030605816 -0.06806901652493975,-73.35194128749495 99.53084525398083 1842.0551057799394,30.55136466026306
000000,000021,20,0.7121382,-0.6669942429671829 0.6662949806060058 -0.3334213908323365 0.43481085175762413 0.7114973629210029 0.5520062125513342 0.6050276283391899 0.2232095110573296 -0.7642768130900499,-316.9333163395279 85.64248574893443 2021.028459939945,30.55136466026306
000000,000022,18,0.84818214,0.5118770154590999 0.06651003764333764 0.8564803152512743 -0.8588216458418912 0.01619539358273048 0.5120186837075251 0.02018341827738557 -0.9976543495085876 0.06541027388098988,-216.86382858819525 -72.47416990234586 1868.787499643343,19.445618391036987
000000,000022,18,0.5792719,-0.9994439213251437 0.019228131858851406 0.027236943991609985 -0.026547631243413406 0.03525135502933052 -0.999025861269635 -0.02016956416665294 -0.9991936039428833 -0.03472130544997105,56.50023015498303 33.9590781703148 1875.297170990122,19.445618391036987
000000,000022,18,0.6781488,0.5619290836678619 -0.09558337034429826 0.821644366107323 0.8243695770510797 -0.017177426520112022 -0.565791246482891 0.06819395314908977 0.9952732858530564 0.06914352049368255,-231.83727537387475 47.21071396557736 1871.6012990253068,19.445618391036987
000000,000022,18,0.58595115,0.12385599928011064 0.952092292819379 -0.2796061517719112 0.9913863409581788 -0.13081680757536043 -0.00629641495903275 -0.04257175438274146 -0.2764180209033754 -0.9600941310217846,115.53159515198041 140.4660420944698 1852.3412401888131,19.445618391036987
000000,000022,18,0.83988667,-0.35062691299358906 0.03912863550256304 0.9356975343996013 -0.9365149159459204 -0.015615750544492471 -0.3502800183442517 0.0009056583446556287 -0.9991121187119325 0.04211986974181952,-72.6327499382511 12.581705327314161 1879.4104439066089,19.445618391036987
000000,000023,18,0.6564663,-0.916943365712941 -0.16660660498329058 0.36257030134739404 -0.34024690864128365 -0.1481949787350903 -0.9285852602828598 0.20843953888419148 -0.974823332972377 0.07919903243732475,-217.6020245400265 -42.05904567433885 1813.1752703726215,25.327013969421387
000000,000023,18,0.8658311,-0.045001184007946934 -0.09367133870257127 0.9945853489122984 -0.988339059229803 -0.1407977144642587 -0.05797904200711539 0.14546626848582367 -0.9855971288675627 -0.08624296262249466,-323.7746444114679 -93.98313571337667 1844.0819247124496,25.327013969421387
000000,000023,18,0.78696156,0.8204677192462693 -0.16059326977184754 0.5486725493218557 -0.5690658527776687 -0.1375340143960164 0.8107079884192163 -0.05473301224222132 -0.97739163661443 -0.20423038228869694,-449.5363041814778 -221.17553276004045 1875.9540735643748,25.327013969421387
000000,000023,18,0.78691524,0.5509586196453955 -0.019663101124286753 -0.8343008270846685 0.6526346780078164 -0.612907984491957 0.44543439694625336 -0.5201082394591143 -0.7899095151967818 -0.32485428749911577,-485.401659385092 -57.57167989712072 1903.284738456418,25.327013969421387
000000,000023,18,0.7918083,-0.6669376263247029 0.4371123216152519 0.6034294981983274 -0.7450821009515272 -0.3986851697026362 -0.5346987664357916 0.006855021251331315 -0.8062152817401099 0.5915825619577113,-169.69451585337902 129.20851720879418 1761.7999880689154,25.327013969421387
000000,000024,18,0.905671,0.36701105992679256 -0.14252736013806636 0.9192327707481356 -0.9298608576230382 -0.08353913023600058 0.35830170204877054 0.02572402831392378 -0.9862591532503858 -0.1631903832898045,-185.60875216996348 1.9245851090103185 1905.7329420999056,27.446760654449463
000000,000024,18,0.77700615,0.4118414301232422 -0.11182751777591463 0.9043677232656833 -0.9111507414537958 -0.06556393548790232 0.40682320549482154 0.013799816402939157 -0.9915624123647893 -0.12889365743355777,-447.9874205588895 -57.125648286080576 1942.062604614283,27.446760654449463
000000,000024,18,0.49567452,0.5024624195427769 0.244972627974195 0.8291681479650473 -0.5874698897571721 -0.6069019658395703 0.5353027480668113 0.6343582438465734 -0.7560809411047157 -0.16103134420266488,-38.99844795470614 94.64998770283398 1828.8548226591147,27.446760654449463
000000,000024,18,0.5193351,0.8617915484537627 0.2634089096834437 0.43351047537138593 0.4518369456266307 -0.010172381086143715 -0.8920427064463275 -0.230562009561108 0.9646307754052511 -0.12778438371243597,-440.39144871615474 66.26679956489191 1928.882497987333,27.446760654449463
000000,000024,18,0.79143494,-0.5347510264412577 -0.15287319768966603 0.8310665525404193 -0.8250523622877382 -0.11802778542715586 -0.5525919407706563 0.182565561714712 -0.9811723810363822 -0.06301290161738082,-280.59707152058195 -9.5840416580088 1915.5481087636304,27.446760654449463
000000,000025,18,0.67913115,-0.4419068542214631 -0.8909598872880945 -0.1044452135611189 0.1205663340059153 0.05638505100390071 -0.9911029622705196 0.888921853587072 -0.4505675649010219 0.0825029787233252,62.14542614862302 103.47174741323163 1884.5007269483597,20.466251373291016
000000,000025,18,0.7565764,0.20917223627383813 -0.08253599756108952 0.9743893917688663 -0.9770560260430979 0.02322421392504003 0.2117118141599218 -0.040103244915464485 -0.9963174166172974 -0.07578447630200706,-108.78921884508571 44.54391792689239 1986.3940376618668,20.466251373291016
000000,000025,18,0.50810367,0.1881792558172843 -0.34587934189522374 0.9192150078517259 -0.9791082353925376 0.007350883786009345 0.20320654895278062 -0.07704184833010351 -0.9382502028828176 -0.33727010703315863,-378.3903230323426 21.782793774177833 2046.4177739977877,20.466251373291016
